################################################
# ITK-SnAP Label Description File
# File format: 
# IDX   -R-  -G-  -B-  -A--  VIS MSH  LABEL
# Fields: 
#    IDX:   Zero-based index 
#    -R-:   Red color component (0..255)
#    -G-:   Green color component (0..255)
#    -B-:   Blue color component (0..255)
#    -A-:   Label transparency (0.00 .. 1.00)
#    VIS:   Label visibility (0 or 1)
#    IDX:   Label mesh visibility (0 or 1)
#  LABEL:   Label description 
################################################
    0     0    0    0        0  0  0    "Clear Label - Air"
    1    24  222  255        1  1  1    "Spleen"
    2   110  255   20        1  1  1    "Kidney"
    3   110  255   20        1  1  1    "Kidney"
    4    54  255  138        1  1  1    "Organ"
    5   255    0  165        1  1  1    "Liver"
    6    54  255  138        1  1  1    "Organ"
    7   189   42   51        1  1  1    "Gland"
    8   189   42   51        1  1  1    "Gland"
    9   189   42   51        1  1  1    "Gland"
   10   245  184  255        1  1  1    "Lungs"
   11   245  184  255        1  1  1    "Lungs"
   12   245  184  255        1  1  1    "Lungs"
   13   245  184  255        1  1  1    "Lungs"
   14    64  128    6        1  1  1    "Esophagus"
   15    94  189    8        1  1  1    "Trachea"
   16   189   42   51        1  1  1    "Gland"
   17    54  255  138        1  1  1    "Organ"
   18    54  255  138        1  1  1    "Organ"
   19    54  255  138        1  1  1    "Organ"
   20    54  255  138        1  1  1    "Organ"
   21    54  255  138        1  1  1    "Organ"
   22   253  204  101        1  1  1    "Bone"
   23    54  255  138        1  1  1    "Organ"
   24   255  255  255        1  1  1    "Bone"
   25   255  255  255        1  1  1    "Bone"
   26   255  255  255        1  1  1    "Bone"
   27   255  255  255        1  1  1    "Bone"
   28   255  255  255        1  1  1    "Bone"
   29   255  255  255        1  1  1    "Bone"
   30   255  255  255        1  1  1    "Bone"
   31   255  255  255        1  1  1    "Bone"
   32   255  255  255        1  1  1    "Bone"
   33   255  255  255        1  1  1    "Bone"
   34   255  255  255        1  1  1    "Bone"
   35   255  255  255        1  1  1    "Bone"
   36   255  255  255        1  1  1    "Bone"
   37   255  255  255        1  1  1    "Bone"
   38   255  255  255        1  1  1    "Bone"
   39   255  255  255        1  1  1    "Bone"
   40   255  255  255        1  1  1    "Bone"
   41   255  255  255        1  1  1    "Bone"
   42   255  255  255        1  1  1    "Bone"
   43   255  255  255        1  1  1    "Bone"
   44   255  255  255        1  1  1    "Bone"
   45   255  255  255        1  1  1    "Bone"
   46   255  255  255        1  1  1    "Bone"
   47   255  255  255        1  1  1    "Bone"
   48   255   83  251        1  1  1    "Heart"
   49    94   89   83        1  1  1    "Extra"
   50    94   89   83        1  1  1    "Extra"
   51    94   89   83        1  1  1    "Extra"
   52    94   89   83        1  1  1    "Extra"
   53    94   89   83        1  1  1    "Extra"
   54    94   89   83        1  1  1    "Extra"
   55    94   89   83        1  1  1    "Extra"
   56    94   89   83        1  1  1    "Extra"
   57    94   89   83        1  1  1    "Extra"
   58    94   89   83        1  1  1    "Extra"
   59    94   89   83        1  1  1    "Extra"
   60    94   89   83        1  1  1    "Extra"
   61    94   89   83        1  1  1    "Extra"
   62    94   89   83        1  1  1    "Extra"
   63    94   89   83        1  1  1    "Extra"
   64    94   89   83        1  1  1    "Extra"
   65    94   89   83        1  1  1    "Extra"
   66    94   89   83        1  1  1    "Extra"
   67    94   89   83        1  1  1    "Extra"	
   68   255  255  255        1  1  1    "Bone"
   69   255  255  255        1  1  1    "Bone"
   70   255  255  255        1  1  1    "Bone"
   71   255  255  255        1  1  1    "Bone"
   72    94   89   83        1  1  1    "Extra"
   73    94   89   83        1  1  1    "Extra"
   74   255  255  255        1  1  1    "Bone"
   75   255  255  255        1  1  1    "Bone"
   76    41   41   41        1  1  1    "Spinal Canal"
   77    94   89   83        1  1  1    "Extra"
   78    94   89   83        1  1  1    "Extra"
   79    94   89   83        1  1  1    "Extra"
   80    94   89   83        1  1  1    "Extra"
   81    94   89   83        1  1  1    "Extra"
   82    94   89   83        1  1  1    "Extra"
   83    94   89   83        1  1  1    "Extra"
   84    94   89   83        1  1  1    "Extra"
   85    94   89   83        1  1  1    "Extra"
   86    94   89   83        1  1  1    "Extra"
   87    12  197  255        1  1  1    "Brain"
   88   255  255  255        1  1  1    "Bone"
   89   255  255  255        1  1  1    "Bone"
   90   255  255  255        1  1  1    "Bone"
   91   255  255  255        1  1  1    "Bone" 
   92   255  255  255        1  1  1    "Bone"
   93   255  255  255        1  1  1    "Bone"
   94   255  255  255        1  1  1    "Bone"
   95   255  255  255        1  1  1    "Bone"
   96   255  255  255        1  1  1    "Bone"
   97   255  255  255        1  1  1    "Bone"
   98   255  255  255        1  1  1    "Bone"
   99   255  255  255        1  1  1    "Bone"
  100   255  255  255        1  1  1    "Bone"
  101   255  255  255        1  1  1    "Bone"
  102   255  255  255        1  1  1    "Bone"
  103   255  255  255        1  1  1    "Bone"
  104   255  255  255        1  1  1    "Bone"
  105   255  255  255        1  1  1    "Bone"
  106   255  255  255        1  1  1    "Bone"
  107   255  255  255        1  1  1    "Bone"
  108   255  255  255        1  1  1    "Bone"
  109   255  255  255        1  1  1    "Bone"
  110   255  255  255        1  1  1    "Bone"
  111   255  255  255        1  1  1    "Bone"
  112   255  255  255        1  1  1    "Bone"
  113   255  255  255        1  1  1    "Bone"
  114   255  255  255        1  1  1    "Bone"
  256     8   97   78        1  1  1    "Spinal Cord"
  264    97   78   56        1  1  1    "Fat & Muscle"
  289    97   54    8        1  1  1    "SC_CSF"