0 0.0 0.0 0.0 Air
1 0.09411764705882353 0.8705882352941177 1.0 Spleen
2 0.43137254901960786 1.0 0.0784313725490196 Kidney
3 0.43137254901960786 1.0 0.0784313725490196 Kidney
4 0.21176470588235294 1.0 0.5411764705882353 Organ
5 1.0 0.0 0.6470588235294118 Liver
6 0.21176470588235294 1.0 0.5411764705882353 Organ
7 0.7411764705882353 0.16470588235294117 0.2 Gland
8 0.7411764705882353 0.16470588235294117 0.2 Gland
9 0.7411764705882353 0.16470588235294117 0.2 Gland
10 0.9607843137254902 0.7215686274509804 1.0 Lungs
11 0.9607843137254902 0.7215686274509804 1.0 Lungs
12 0.9607843137254902 0.7215686274509804 1.0 Lungs
13 0.9607843137254902 0.7215686274509804 1.0 Lungs
14 0.25098039215686274 0.5019607843137255 0.023529411764705882 Esophagus
15 0.3686274509803922 0.7411764705882353 0.03137254901960784 Trachea
16 0.7411764705882353 0.16470588235294117 0.2 Gland
17 0.21176470588235294 1.0 0.5411764705882353 Organ
18 0.21176470588235294 1.0 0.5411764705882353 Organ
19 0.21176470588235294 1.0 0.5411764705882353 Organ
20 0.21176470588235294 1.0 0.5411764705882353 Organ
21 0.21176470588235294 1.0 0.5411764705882353 Organ
22 0.9921568627450981 0.8 0.396078431372549 Bone
23 0.21176470588235294 1.0 0.5411764705882353 Organ
24 1.0 1.0 1.0 Bone
25 1.0 1.0 1.0 Bone
26 1.0 1.0 1.0 Bone
27 1.0 1.0 1.0 Bone
28 1.0 1.0 1.0 Bone
29 1.0 1.0 1.0 Bone
30 1.0 1.0 1.0 Bone
31 1.0 1.0 1.0 Bone
32 1.0 1.0 1.0 Bone
33 1.0 1.0 1.0 Bone
34 1.0 1.0 1.0 Bone
35 1.0 1.0 1.0 Bone
36 1.0 1.0 1.0 Bone
37 1.0 1.0 1.0 Bone
38 1.0 1.0 1.0 Bone
39 1.0 1.0 1.0 Bone
40 1.0 1.0 1.0 Bone
41 1.0 1.0 1.0 Bone
42 1.0 1.0 1.0 Bone
43 1.0 1.0 1.0 Bone
44 1.0 1.0 1.0 Bone
45 1.0 1.0 1.0 Bone
46 1.0 1.0 1.0 Bone
47 1.0 1.0 1.0 Bone
48 1.0 0.3254901960784314 0.984313725490196 Heart
49 0.3686274509803922 0.34901960784313724 0.3254901960784314 Extra
50 0.3686274509803922 0.34901960784313724 0.3254901960784314 Extra
51 0.3686274509803922 0.34901960784313724 0.3254901960784314 Extra
52 0.3686274509803922 0.34901960784313724 0.3254901960784314 Extra
53 0.3686274509803922 0.34901960784313724 0.3254901960784314 Extra
54 0.3686274509803922 0.34901960784313724 0.3254901960784314 Extra
55 0.3686274509803922 0.34901960784313724 0.3254901960784314 Extra
56 0.3686274509803922 0.34901960784313724 0.3254901960784314 Extra
57 0.3686274509803922 0.34901960784313724 0.3254901960784314 Extra
58 0.3686274509803922 0.34901960784313724 0.3254901960784314 Extra
59 0.3686274509803922 0.34901960784313724 0.3254901960784314 Extra
60 0.3686274509803922 0.34901960784313724 0.3254901960784314 Extra
61 0.3686274509803922 0.34901960784313724 0.3254901960784314 Extra
62 0.3686274509803922 0.34901960784313724 0.3254901960784314 Extra
63 0.3686274509803922 0.34901960784313724 0.3254901960784314 Extra
64 0.3686274509803922 0.34901960784313724 0.3254901960784314 Extra
65 0.3686274509803922 0.34901960784313724 0.3254901960784314 Extra
66 0.3686274509803922 0.34901960784313724 0.3254901960784314 Extra
67 0.3686274509803922 0.34901960784313724 0.3254901960784314 Extra
68 1.0 1.0 1.0 Bone
69 1.0 1.0 1.0 Bone
70 1.0 1.0 1.0 Bone
71 1.0 1.0 1.0 Bone
72 0.3686274509803922 0.34901960784313724 0.3254901960784314 Extra
73 0.3686274509803922 0.34901960784313724 0.3254901960784314 Extra
74 1.0 1.0 1.0 Bone
75 1.0 1.0 1.0 Bone
76 0.1607843137254902 0.1607843137254902 0.1607843137254902 Spinal Canal
77 0.3686274509803922 0.34901960784313724 0.3254901960784314 Extra
78 0.3686274509803922 0.34901960784313724 0.3254901960784314 Extra
79 0.3686274509803922 0.34901960784313724 0.3254901960784314 Extra
80 0.3686274509803922 0.34901960784313724 0.3254901960784314 Extra
81 0.3686274509803922 0.34901960784313724 0.3254901960784314 Extra
82 0.3686274509803922 0.34901960784313724 0.3254901960784314 Extra
83 0.3686274509803922 0.34901960784313724 0.3254901960784314 Extra
84 0.3686274509803922 0.34901960784313724 0.3254901960784314 Extra
85 0.3686274509803922 0.34901960784313724 0.3254901960784314 Extra
86 0.3686274509803922 0.34901960784313724 0.3254901960784314 Extra
87 0.047058823529411764 0.7725490196078432 1.0 Brain
88 1.0 1.0 1.0 Bone
89 1.0 1.0 1.0 Bone
90 1.0 1.0 1.0 Bone
91 1.0 1.0 1.0 Bone
92 1.0 1.0 1.0 Bone
93 1.0 1.0 1.0 Bone
94 1.0 1.0 1.0 Bone
95 1.0 1.0 1.0 Bone
96 1.0 1.0 1.0 Bone
97 1.0 1.0 1.0 Bone
98 1.0 1.0 1.0 Bone
99 1.0 1.0 1.0 Bone
100 1.0 1.0 1.0 Bone
101 1.0 1.0 1.0 Bone
102 1.0 1.0 1.0 Bone
103 1.0 1.0 1.0 Bone
104 1.0 1.0 1.0 Bone
105 1.0 1.0 1.0 Bone
106 1.0 1.0 1.0 Bone
107 1.0 1.0 1.0 Bone
108 1.0 1.0 1.0 Bone
109 1.0 1.0 1.0 Bone
110 1.0 1.0 1.0 Bone
111 1.0 1.0 1.0 Bone
112 1.0 1.0 1.0 Bone
113 1.0 1.0 1.0 Bone
114 1.0 1.0 1.0 Bone
196 0.8470588235294118 0.1607843137254902 0.6745098039215687 Spinal Cord WM
256 0.03137254901960784 0.3803921568627451 0.3058823529411765 Spinal Cord
264 0.3803921568627451 0.3058823529411765 0.2196078431372549 Fat & Muscle
289 0.3803921568627451 0.21176470588235294 0.03137254901960784 SC_CSF
324 0.8941176470588236 0.9098039215686274 0.1803921568627451 Spinal Cord GM